0 15.000000
1 10.380000
2 9.510000
3 8.700000
4 7.950000
5 7.260000
6 6.630000
7 6.040000
8 5.500000
9 5.000000
10 4.750000
11 4.500000
12 4.250000
13 4.000000
14 3.750000
15 3.500000
16 3.250000
17 3.000000
18 2.950000
19 2.900000
20 2.850000
21 2.800000
22 2.750000
23 2.700000
24 2.650000
25 2.600000
26 2.550000
27 2.500000
28 2.450000
29 2.400000
30 2.350000
31 2.300000
32 2.250000
33 2.200000
34 2.150000
35 2.100000
36 2.050000
37 2.000000
38 1.950000
39 1.900000
40 1.850000
41 1.800000
42 1.750000
43 1.700000
44 1.650000
45 1.600000
46 1.550000
47 1.500000
48 1.450000
49 1.400000
50 1.350000
51 1.300000
52 1.250000
53 1.200000
54 1.150000
55 1.100000
56 1.050000
57 1.000000
58 0.950000
59 0.900000
60 0.850000
61 0.800000
62 0.750000
63 0.700000
64 0.650000
65 0.600000
66 0.550000
67 0.500000
68 0.450000
69 0.400000
70 0.350000
71 0.300000
72 0.250000
73 0.200000
74 0.150000
75 0.100000
76 0.050000
77 0.000000
