19 22.1386
20 21.7041
21 21.2779
22 20.8596
23 20.4492
24 20.0465
25 19.6513
26 19.2636
27 18.8832
28 18.5099
29 18.1436
30 17.7842
31 17.4315
32 17.0854
33 16.7459
34 16.4127
35 16.0858
36 15.765
37 15.4503
38 15.1414
39 14.8384
40 14.541
41 14.2492
42 13.9629
43 13.682
44 13.4064
45 13.1359
46 12.8705
47 12.6101
48 12.3545
49 12.1038
50 11.8578
51 11.6164
52 11.3795
53 11.1471
54 10.919
55 10.6952
56 10.4757
57 10.2602
58 10.0488
59 9.84138
60 9.63783
61 9.43811
62 9.24214
63 9.04985
64 8.86115
65 8.67605
66 8.49433
67 8.3161
68 8.14119
69 7.96958
70 7.80119
71 7.63595
72 7.47379
73 7.31469
74 7.1586
75 7.00544
76 6.85509
77 6.70766
78 6.56292
79 6.42093
80 6.28162
81 6.1449
82 6.01075
83 5.87914
84 5.74996
85 5.62326
86 5.49891
87 5.3769
88 5.2869
89 5.19813
90 5.11068
91 5.02442
92 4.93937
93 4.85556
94 4.77291
95 4.69142
96 4.61111
97 4.53189
98 4.45381
99 4.37684
100 4.30093
101 4.30093
102 4.22613
103 4.15236
104 4.07965
105 4.00794
106 3.93727
107 3.86758
108 3.79888
109 3.73113
110 3.66435
111 3.59853
112 3.53363
113 3.46963
114 3.40655
115 3.34435
116 3.28304
117 3.22258
118 3.16299
119 3.10423
120 3.04629
121 2.98918
122 2.93287
123 2.87737
124 2.82264
125 2.76869
126 2.7155
127 2.66306
128 2.61135
129 2.56038
130 2.51013
131 2.46058
132 2.41174
133 2.36358
134 2.31611
135 2.26931
136 2.22317
137 2.17767
138 2.13282
139 2.13282
140 2.0886
141 2.045
142 2.00203
143 1.95966
144 1.91788
145 1.8767
146 1.8361
147 1.79607
148 1.7566
149 1.71769
150 1.67933
151 1.64152
152 1.60423
153 1.56748
154 1.53124
155 1.49551
156 1.46029
157 1.42557
158 1.39133
159 1.35758
160 1.33534
161 1.31332
162 1.2915
163 1.26988
164 1.24847
165 1.22727
166 1.20626
167 1.18545
168 1.16483
169 1.14442
170 1.12419
171 1.10416
172 1.08431
173 1.06465
174 1.04518
175 1.02589
176 1.00678
177 0.987854
178 0.969105
179 0.950531
180 0.932136
181 0.913912
182 0.89586
183 0.877977
184 0.860264
185 0.84272
186 0.825337
187 0.808122
188 0.791068
189 0.774176
190 0.757441
191 0.740865
192 0.724447
193 0.708181
194 0.69207
195 0.676112
196 0.660302
197 0.644642
198 0.629129
199 0.613765
200 0.598542
201 0.583466
202 0.568531
203 0.553736
204 0.539082
205 0.524567
206 0.510186
207 0.495942
208 0.481833
209 0.467855
210 0.454012
211 0.440298
212 0.426713
213 0.413256
214 0.399927
215 0.386722
216 0.373643
217 0.360687
218 0.347854
219 0.33514
220 0.322548
221 0.310073
222 0.297717
223 0.285478
224 0.273353
225 0.261343
226 0.249447
227 0.237662
228 0.225989
229 0.220194
230 0.214425
231 0.208684
232 0.202971
233 0.197284
234 0.191624
235 0.185992
236 0.180385
237 0.174805
238 0.169251
239 0.163724
240 0.158224
241 0.152748
242 0.147299
243 0.141876
244 0.136479
245 0.131107
246 0.12576
247 0.120438
248 0.115142
249 0.109871
250 0.104623
251 0.0994013
252 0.0942044
253 0.0890328
254 0.0838839
255 0.0787603
256 0.0736618
257 0.0685861
258 0.0635345
259 0.0585068
260 0.0535032
261 0.0485236
262 0.0435668
263 0.0386341
264 0.0337242
265 0.0288383
266 0.0239743
267 0.0191342
268 0.0143161
269 0.00952181
270 0.00474945
271 0
